# MODELFITTING RESULTS FOR MS: calibrated/uid___A002_Xbdcd3c_Xf11.ms.split.cal

# NOTICE THAT THE REDUCED CHI SQUARE SHOWN HERE IS THE VALUE
# *BEFORE* THE RE-SCALING OF THE VISIBILITY WEIGHTS.
# HOWEVER, THE PARAMETER UNCERTAINTIES ARE *ALREADY* GIVEN
# FOR A REDUCED CHI SQUARE OF 1.

###########################################
#
# MODEL CONSISTS OF:
#
# 'delta' with variables: p[0]*((nu>143.8e9) & (nu<144.2e9)),p[1]*((nu>143.8e9) & (nu<144.2e9)),p[2]
#
##########################################

# Frequency (Hz)   p[0]  error(p[0])   p[1]  error(p[1])   p[2]  error(p[2])   Red. Chi Sq.
1.448165012910e+11     0.0000e+00  0.0000e+00  0.0000e+00  0.0000e+00 -1.3762e-04  2.0311e-04   2.8736e+01 
1.447696262910e+11     0.0000e+00  0.0000e+00  0.0000e+00  0.0000e+00 -1.1410e-04  2.0154e-04   2.8296e+01 
1.447227512910e+11     0.0000e+00  0.0000e+00  0.0000e+00  0.0000e+00  1.7539e-04  2.0041e-04   2.7977e+01 
1.446758762910e+11     0.0000e+00  0.0000e+00  0.0000e+00  0.0000e+00  2.2710e-05  1.9903e-04   2.7596e+01 
1.446290012910e+11     0.0000e+00  0.0000e+00  0.0000e+00  0.0000e+00  2.6890e-04  1.9690e-04   2.7008e+01 
1.445821262910e+11     0.0000e+00  0.0000e+00  0.0000e+00  0.0000e+00  3.9509e-05  1.9559e-04   2.6650e+01 
1.445352512910e+11     0.0000e+00  0.0000e+00  0.0000e+00  0.0000e+00 -1.4405e-04  1.9541e-04   2.6602e+01 
1.444883762910e+11     0.0000e+00  0.0000e+00  0.0000e+00  0.0000e+00  7.0235e-05  1.9489e-04   2.6458e+01 
1.444415012910e+11     0.0000e+00  0.0000e+00  0.0000e+00  0.0000e+00  1.4456e-04  1.9386e-04   2.6181e+01 
1.443946262910e+11     0.0000e+00  0.0000e+00  0.0000e+00  0.0000e+00 -5.9154e-05  1.9352e-04   2.6087e+01 
1.443477512910e+11     0.0000e+00  0.0000e+00  0.0000e+00  0.0000e+00  6.1869e-05  1.9408e-04   2.6239e+01 
1.443008762910e+11     0.0000e+00  0.0000e+00  0.0000e+00  0.0000e+00 -4.0975e-05  1.9573e-04   2.6687e+01 
1.442540012910e+11     0.0000e+00  0.0000e+00  0.0000e+00  0.0000e+00  1.2866e-04  1.9815e-04   2.7353e+01 
1.442071262910e+11     0.0000e+00  0.0000e+00  0.0000e+00  0.0000e+00  1.2336e-05  2.0111e-04   2.8174e+01 
1.441602512910e+11     4.4408e-02  1.5751e+01  3.7051e-01  1.2971e+01 -6.3104e-05  2.0369e-04   2.8903e+01 
1.441133762910e+11    -1.1752e+00  3.3069e-01  1.6916e-01  2.7234e-01  6.7536e-04  2.0572e-04   2.9482e+01 
1.440665012910e+11    -4.4540e-01  3.4092e-01  3.5211e-01  2.8076e-01  6.6160e-04  2.0768e-04   3.0046e+01 
1.440196262910e+11    -9.4315e-01  4.8801e-01  1.0043e+00  4.0189e-01  4.6633e-04  2.0948e-04   3.0568e+01 
1.439727512910e+11    -2.6951e-01  6.7029e-01 -5.3062e-01  5.5201e-01  3.4255e-04  2.1129e-04   3.1098e+01 
1.439258762910e+11     5.1676e-01  5.7883e-01 -2.3354e-01  4.7668e-01  4.0006e-04  2.1303e-04   3.1614e+01 
1.438790012910e+11     1.0775e+00  4.1821e-01 -1.4265e-01  3.4442e-01  5.5544e-04  2.1361e-04   3.1787e+01 
1.438321262910e+11    -1.4359e-01  5.2940e-01 -4.6677e-01  4.3597e-01  4.3905e-04  2.1367e-04   3.1804e+01 
1.437852512910e+11     0.0000e+00  0.0000e+00  0.0000e+00  0.0000e+00 -1.4234e-05  2.1463e-04   3.2089e+01 
1.437383762910e+11     0.0000e+00  0.0000e+00  0.0000e+00  0.0000e+00  2.7687e-04  2.1575e-04   3.2427e+01 
1.436915012910e+11     0.0000e+00  0.0000e+00  0.0000e+00  0.0000e+00 -1.3000e-04  2.1468e-04   3.2105e+01 
1.436446262910e+11     0.0000e+00  0.0000e+00  0.0000e+00  0.0000e+00 -7.9099e-05  2.1081e-04   3.0958e+01 
1.435977512910e+11     0.0000e+00  0.0000e+00  0.0000e+00  0.0000e+00  1.0087e-04  2.0830e-04   3.0225e+01 
1.435508762910e+11     0.0000e+00  0.0000e+00  0.0000e+00  0.0000e+00  2.7893e-04  2.0581e-04   2.9506e+01 
1.435040012910e+11     0.0000e+00  0.0000e+00  0.0000e+00  0.0000e+00 -1.3293e-05  2.0525e-04   2.9350e+01 
1.434571262910e+11     0.0000e+00  0.0000e+00  0.0000e+00  0.0000e+00 -5.4314e-05  2.0591e-04   2.9534e+01 
1.434102512910e+11     0.0000e+00  0.0000e+00  0.0000e+00  0.0000e+00  2.1929e-04  2.0937e-04   3.0537e+01 
1.433633762910e+11     0.0000e+00  0.0000e+00  0.0000e+00  0.0000e+00 -3.2141e-05  2.1451e-04   3.2056e+01 
1.433165012910e+11     0.0000e+00  0.0000e+00  0.0000e+00  0.0000e+00  2.1963e-04  2.1983e-04   3.3663e+01 
1.432696262910e+11     0.0000e+00  0.0000e+00  0.0000e+00  0.0000e+00 -1.0807e-04  2.2524e-04   3.5342e+01 
1.432227512910e+11     0.0000e+00  0.0000e+00  0.0000e+00  0.0000e+00 -1.3428e-04  2.3046e-04   3.6998e+01 
1.431758762910e+11     0.0000e+00  0.0000e+00  0.0000e+00  0.0000e+00  1.9743e-04  2.3759e-04   3.9324e+01 
1.431290012910e+11     0.0000e+00  0.0000e+00  0.0000e+00  0.0000e+00  2.4682e-04  2.4530e-04   4.1919e+01 
1.430821262910e+11     0.0000e+00  0.0000e+00  0.0000e+00  0.0000e+00  1.7020e-04  2.5313e-04   4.4640e+01 
1.430352512910e+11     0.0000e+00  0.0000e+00  0.0000e+00  0.0000e+00 -2.6200e-04  2.5734e-04   4.6131e+01 
1.430000950410e+11     0.0000e+00  0.0000e+00  0.0000e+00  0.0000e+00 -1.4783e-04  3.9077e-04   2.6598e+01 
