# Freq	Snu	dSnu
# GHz	uJy	uJy
3.53390e+01	145.5	356.0
3.53420e+01	-281.4	265.0
3.53450e+01	433.6	243.0
3.53480e+01	-84.4	228.0
3.53510e+01	97.3	218.0
3.53540e+01	-164.7	212.0
3.53570e+01	282.1	207.0
3.53600e+01	162.1	203.0
3.53630e+01	184.8	201.0
3.53660e+01	-106.8	197.0
3.53690e+01	-202.7	195.0
3.53720e+01	-316.6	194.0
3.53750e+01	24.0	193.0
3.53780e+01	553.8	192.0
3.53810e+01	-189.3	190.0
3.53840e+01	104.9	188.0
3.53870e+01	-314.4	188.0
3.53900e+01	-35.2	186.0
3.53930e+01	213.8	185.0
3.53960e+01	710.4	184.0
3.53990e+01	-181.4	183.0
3.54020e+01	155.8	182.0
3.54050e+01	318.4	182.0
3.54080e+01	36.1	181.0
3.54110e+01	200.1	180.0
3.54140e+01	-25.2	179.0
3.54170e+01	162.3	179.0
3.54200e+01	-20.4	179.0
3.54230e+01	-242.1	178.0
3.54260e+01	14.4	178.0
3.54290e+01	368.7	178.0
3.54320e+01	165.2	177.0
3.54350e+01	-269.3	176.0
3.54380e+01	-50.6	175.0
3.54410e+01	530.4	176.0
3.54440e+01	20.0	181.0
3.54470e+01	-205.9	210.0
3.54500e+01	-141.3	308.0
3.54530e+01	180.8	242.0
3.54560e+01	100.1	190.0
3.54590e+01	278.5	178.0
3.54620e+01	167.7	175.0
3.54650e+01	150.9	175.0
3.54680e+01	262.4	175.0
3.54710e+01	-99.3	175.0
3.54740e+01	235.2	175.0
3.54770e+01	135.5	175.0
3.54800e+01	-192.0	174.0
3.54830e+01	271.9	175.0
3.54860e+01	-37.1	175.0
3.54890e+01	31.5	174.0
3.54920e+01	-156.2	174.0
3.54950e+01	155.3	174.0
3.54980e+01	191.3	174.0
3.55010e+01	30.8	174.0
3.55040e+01	519.6	175.0
3.55070e+01	199.9	175.0
3.55100e+01	9.8	175.0
3.55130e+01	274.8	175.0
3.55160e+01	144.7	175.0
3.55190e+01	-68.4	175.0
3.55220e+01	-103.2	175.0
3.55250e+01	-173.2	175.0
3.55280e+01	-15.3	176.0
3.55310e+01	116.5	176.0
3.55340e+01	48.9	176.0
3.55370e+01	340.5	176.0
3.55400e+01	-175.6	176.0
3.55430e+01	111.6	177.0
3.55460e+01	356.7	177.0
3.55490e+01	-63.5	177.0
3.55520e+01	335.1	177.0
3.55550e+01	-112.5	177.0
3.55580e+01	142.2	178.0
3.55610e+01	-164.9	178.0
3.55640e+01	146.3	178.0
3.55670e+01	12.0	179.0
3.55700e+01	-52.8	181.0
3.55730e+01	41.7	194.0
3.55760e+01	-407.0	243.0
3.55790e+01	220.3	313.0
3.55820e+01	131.7	219.0
3.55850e+01	-334.1	187.0
3.55880e+01	-117.7	180.0
3.55910e+01	101.4	180.0
3.55940e+01	112.4	180.0
3.55970e+01	-129.7	181.0
3.56000e+01	172.9	181.0
3.56030e+01	122.8	181.0
3.56060e+01	-228.7	181.0
3.56090e+01	1.7	181.0
3.56120e+01	119.9	182.0
3.56150e+01	-96.6	182.0
3.56180e+01	95.7	183.0
3.56210e+01	110.1	183.0
3.56240e+01	105.3	183.0
3.56270e+01	-75.7	183.0
3.56300e+01	60.8	183.0
3.56330e+01	-69.3	183.0
3.56360e+01	232.5	183.0
3.56390e+01	464.0	183.0
3.56420e+01	763.1	184.0
3.56450e+01	540.4	184.0
3.56480e+01	-100.0	184.0
3.56510e+01	156.7	184.0
3.56540e+01	-69.6	184.0
3.56570e+01	-217.0	184.0
3.56600e+01	80.3	184.0
3.56630e+01	-78.7	185.0
3.56660e+01	137.4	184.0
3.56690e+01	24.7	185.0
3.56720e+01	-5.2	184.0
3.56750e+01	-246.7	184.0
3.56780e+01	199.8	184.0
3.56810e+01	2.0	184.0
3.56840e+01	200.0	185.0
3.56870e+01	-385.3	185.0
3.56900e+01	54.5	184.0
3.56930e+01	-75.2	184.0
3.56960e+01	-160.4	185.0
3.56990e+01	-386.8	189.0
3.57020e+01	-172.7	208.0
3.57050e+01	96.1	287.0
3.57080e+01	-175.2	293.0
3.57110e+01	-47.5	209.0
3.57140e+01	63.4	189.0
3.57170e+01	273.2	185.0
3.57200e+01	-211.3	185.0
3.57230e+01	126.3	185.0
3.57260e+01	-59.6	184.0
3.57290e+01	107.8	185.0
3.57320e+01	-134.6	184.0
3.57350e+01	17.1	184.0
3.57380e+01	38.4	184.0
3.57410e+01	214.7	184.0
3.57440e+01	-141.0	184.0
3.57470e+01	349.9	184.0
3.57500e+01	-170.2	183.0
3.57530e+01	141.7	183.0
3.57560e+01	-125.5	183.0
3.57590e+01	92.4	184.0
3.57620e+01	68.4	183.0
3.57650e+01	-23.1	182.0
3.57680e+01	-91.8	182.0
3.57710e+01	-139.2	182.0
3.57740e+01	337.3	182.0
3.57770e+01	-201.2	182.0
3.57800e+01	-154.0	182.0
3.57830e+01	-120.3	182.0
3.57860e+01	-163.0	181.0
3.57890e+01	141.4	181.0
3.57920e+01	220.1	181.0
3.57950e+01	303.9	181.0
3.57980e+01	230.8	181.0
3.58010e+01	527.7	180.0
3.58040e+01	112.7	180.0
3.58070e+01	86.2	180.0
3.58100e+01	102.1	179.0
3.58130e+01	-419.8	180.0
3.58160e+01	205.4	180.0
3.58190e+01	76.7	179.0
3.58220e+01	77.3	179.0
3.58250e+01	164.7	180.0
3.58280e+01	-25.5	186.0
3.58310e+01	9.8	217.0
3.58340e+01	752.9	310.0
3.58370e+01	290.8	241.0
3.58400e+01	94.5	191.0
3.58430e+01	231.5	179.0
3.58460e+01	196.4	176.0
3.58490e+01	615.3	176.0
3.58520e+01	98.6	176.0
3.58550e+01	420.7	176.0
3.58580e+01	-108.1	175.0
3.58610e+01	185.5	176.0
3.58640e+01	66.6	176.0
3.58670e+01	-49.8	175.0
3.58700e+01	-106.5	175.0
3.58730e+01	-238.3	175.0
3.58760e+01	-34.6	174.0
3.58790e+01	198.4	174.0
3.58820e+01	276.6	174.0
3.58850e+01	256.6	174.0
3.58880e+01	724.8	175.0
3.58910e+01	-7.6	174.0
3.58940e+01	-138.8	174.0
3.58970e+01	36.6	174.0
3.59000e+01	382.1	174.0
3.59030e+01	-28.9	174.0
3.59060e+01	-444.5	174.0
3.59090e+01	-67.3	174.0
3.59120e+01	2.3	174.0
3.59150e+01	-162.2	174.0
3.59180e+01	-187.7	174.0
3.59210e+01	-350.1	174.0
3.59240e+01	-144.3	175.0
3.59270e+01	9.6	175.0
3.59300e+01	-104.1	175.0
3.59330e+01	-222.5	175.0
3.59360e+01	115.3	175.0
3.59390e+01	36.1	175.0
3.59420e+01	250.1	175.0
3.59450e+01	249.8	175.0
3.59480e+01	226.8	175.0
3.59510e+01	-181.6	176.0
3.59540e+01	-161.5	178.0
3.59570e+01	244.1	190.0
3.59600e+01	-209.3	238.0
3.59630e+01	-347.6	311.0
3.59660e+01	-206.3	215.0
3.59690e+01	138.8	184.0
3.59720e+01	678.0	178.0
3.59750e+01	139.0	177.0
3.59780e+01	219.0	178.0
3.59810e+01	-355.9	178.0
3.59840e+01	25.0	179.0
3.59870e+01	279.0	179.0
3.59900e+01	-57.0	179.0
3.59930e+01	526.3	179.0
3.59960e+01	206.5	180.0
3.59990e+01	22.8	180.0
3.60020e+01	-190.8	180.0
3.60050e+01	-72.4	180.0
3.60080e+01	-34.6	180.0
3.60110e+01	455.3	180.0
3.60140e+01	-81.4	181.0
3.60170e+01	-235.4	182.0
3.60200e+01	-162.6	181.0
3.60230e+01	84.9	182.0
3.60260e+01	273.4	183.0
3.60290e+01	-35.6	183.0
3.60320e+01	65.5	183.0
3.60350e+01	435.2	182.0
3.60380e+01	-327.2	183.0
3.60410e+01	140.1	183.0
3.60440e+01	26.3	183.0
3.60470e+01	82.9	184.0
3.60500e+01	-42.2	184.0
3.60530e+01	-88.8	184.0
3.60560e+01	466.7	184.0
3.60590e+01	40.8	184.0
3.60620e+01	-205.5	184.0
3.60650e+01	-187.4	184.0
3.60680e+01	-334.7	184.0
3.60710e+01	485.9	185.0
3.60740e+01	90.1	185.0
3.60770e+01	-183.8	184.0
3.60800e+01	-113.4	185.0
3.60830e+01	-124.4	189.0
3.60860e+01	532.2	207.0
3.60890e+01	-32.0	285.0
3.60920e+01	97.0	295.0
3.60950e+01	-140.2	211.0
3.60980e+01	-187.9	190.0
3.61010e+01	262.1	185.0
3.61040e+01	-189.4	184.0
3.61070e+01	123.7	184.0
3.61100e+01	113.1	185.0
3.61130e+01	-207.0	185.0
3.61160e+01	-181.2	185.0
3.61190e+01	-469.1	185.0
3.61220e+01	-187.7	185.0
3.61250e+01	36.8	184.0
3.61280e+01	-512.3	184.0
3.61310e+01	-229.4	184.0
3.61340e+01	295.6	184.0
3.61370e+01	-149.7	184.0
3.61400e+01	20.2	184.0
3.61430e+01	695.8	184.0
3.61460e+01	-38.1	183.0
3.61490e+01	-195.2	182.0
3.61520e+01	-145.5	182.0
3.61550e+01	22.4	182.0
3.61580e+01	507.0	182.0
3.61610e+01	283.6	183.0
3.61640e+01	-162.1	182.0
3.61670e+01	-229.8	182.0
3.61700e+01	35.3	182.0
3.61730e+01	-114.0	182.0
3.61760e+01	-42.2	181.0
3.61790e+01	-208.8	181.0
3.61820e+01	120.2	182.0
3.61850e+01	124.3	181.0
3.61880e+01	79.6	181.0
3.61910e+01	-104.9	181.0
3.61940e+01	-151.0	180.0
3.61970e+01	-157.8	180.0
3.62000e+01	161.1	180.0
3.62030e+01	56.5	180.0
3.62060e+01	-345.6	179.0
3.62090e+01	199.1	181.0
3.62120e+01	2.2	186.0
3.62150e+01	-39.9	217.0
3.62180e+01	657.5	308.0
3.62210e+01	-100.9	239.0
3.62240e+01	236.8	190.0
3.62270e+01	-43.0	179.0
3.62300e+01	-138.5	177.0
3.62330e+01	296.5	177.0
3.62360e+01	128.1	177.0
3.62390e+01	-228.9	177.0
3.62420e+01	335.2	177.0
3.62450e+01	212.3	177.0
3.62480e+01	68.2	177.0
3.62510e+01	-180.2	177.0
3.62540e+01	-18.5	177.0
3.62570e+01	55.9	176.0
3.62600e+01	-94.7	176.0
3.62630e+01	27.7	176.0
3.62660e+01	192.7	176.0
3.62690e+01	-109.8	176.0
3.62720e+01	-13.4	176.0
3.62750e+01	298.6	176.0
3.62780e+01	-110.8	176.0
3.62810e+01	-106.2	176.0
3.62840e+01	57.1	176.0
3.62870e+01	178.2	176.0
3.62900e+01	184.3	175.0
3.62930e+01	-268.5	176.0
3.62960e+01	-278.6	176.0
3.62990e+01	172.9	176.0
3.63020e+01	440.4	176.0
3.63050e+01	43.4	176.0
3.63080e+01	65.7	177.0
3.63110e+01	559.4	177.0
3.63140e+01	10.0	177.0
3.63170e+01	-210.0	177.0
3.63200e+01	128.0	177.0
3.63230e+01	-359.9	178.0
3.63260e+01	-52.9	179.0
3.63290e+01	261.2	182.0
3.63320e+01	25.5	189.0
